3717000000
3615000000
3823000000
3731000000
3975000000
3782000000
3961000000
3999000000
3777000000
3965000000
3719000000
3762000000
3740000000
3896000000
3730000000
3871000000
3833000000
3780000000
3821000000
3890000000
3966000000
3844000000
3849000000
3817000000
3775000000
3635000000
3926000000
3975000000
3837000000
3932000000
3782000000
3810000000
3768000000
3656000000
3985000000
3818000000
3710000000
3651000000
3800000000
3706000000
3888000000
3792000000
3689000000
3947000000
3923000000
3903000000
3723000000
3946000000
3827000000
3848000000
3929000000
3685000000
3779000000
3927000000
3804000000
3806000000
3936000000
3672000000
3961000000
3623000000
3607000000
3726000000
3828000000
3752000000
3695000000
3916000000
3720000000
3990000000
3888000000
3919000000
3845000000
3803000000
3675000000
3985000000
3829000000
3701000000
3602000000
3917000000
3858000000
3789000000
3685000000
3962000000
3687000000
3683000000
3826000000
3996000000
3799000000
3632000000
3816000000
3611000000
3662000000
3759000000
3910000000
3668000000
3855000000
3650000000
3928000000
3896000000
3962000000
3666000000
3806000000
3692000000
3898000000
3946000000
3618000000
3860000000
3618000000
3951000000
3914000000
3710000000
3692000000
3872000000
3935000000
3760000000
3784000000
3633000000
3665000000
3706000000
3788000000
3668000000
3630000000
3766000000
3847000000
3640000000
3677000000
3839000000
3710000000
3860000000
3713000000
3846000000
3617000000
3668000000
3692000000
3925000000
3672000000
3774000000
3700000000
3647000000
3823000000
3605000000
3954000000
3913000000
3790000000
3790000000
3770000000
3718000000
3928000000
3707000000
3683000000
3891000000
3899000000
3979000000
3615000000
3952000000
3973000000
3897000000
3962000000
3951000000
3949000000
3878000000
3873000000
3624000000
3856000000
3628000000
3799000000
3867000000
3857000000
3846000000
3902000000
3931000000
3703000000
3854000000
3774000000
3658000000
3807000000
3997000000
3640000000
3720000000
3690000000
3641000000
3847000000
3835000000
3662000000
3884000000
3939000000
3924000000
3845000000
3777000000
3806000000
3693000000
3701000000
3608000000
3716000000
3822000000
3660000000
3691000000
3917000000
3718000000
3648000000
3720000000
3920000000
3785000000
3999000000
3894000000
3784000000
3951000000
3722000000
3762000000
3671000000
3885000000
3905000000
3996000000
3889000000
3775000000
3885000000
3655000000
3624000000
3915000000
3795000000
3953000000
3832000000
3918000000
3622000000
3950000000
3641000000
3677000000
3757000000
3953000000
3953000000
3806000000
3796000000
3643000000
3822000000
3888000000
3637000000
3828000000
3649000000
3869000000
3757000000
3921000000
3969000000
3740000000
3768000000
3888000000
3946000000
3953000000
3805000000
3822000000
3742000000
3954000000
3694000000
3854000000
3976000000
3720000000
3614000000
3872000000
3922000000
3766000000
3605000000
3612000000
3947000000
3782000000
3929000000
3642000000
3781000000
3740000000
3949000000
3634000000
3816000000
3967000000
3958000000
3710000000
3634000000
3918000000
3627000000
3785000000
3987000000
3755000000
3612000000
3962000000
3674000000
3833000000
3635000000
3978000000
3928000000
3941000000
3746000000
3947000000
3935000000
3797000000
3652000000
3839000000
3750000000
3699000000
3945000000
3882000000
3632000000
3945000000
3976000000
3948000000
3684000000
3615000000
3685000000
3914000000
3692000000
3627000000
3932000000
3618000000
3973000000
3899000000
3973000000
3927000000
3670000000
3949000000
3874000000
3876000000
3770000000
3939000000
3724000000
3884000000
3717000000
3828000000
3971000000
3980000000
3811000000
3781000000
3966000000
3770000000
3662000000
3771000000
3729000000
3765000000
3691000000
3991000000
3742000000
3961000000
3641000000
3946000000
3895000000
3806000000
3889000000
3803000000
3603000000
3968000000
3653000000
3602000000
3863000000
3625000000
3910000000
3674000000
3890000000
3762000000
3859000000
3916000000
3642000000
3605000000
3671000000
3681000000
3924000000
3863000000
3814000000
3924000000
3975000000
3841000000
3799000000
3757000000
3784000000
3873000000
3632000000
3701000000
3789000000
3869000000
3687000000
3974000000
3653000000
3759000000
3775000000
3924000000
3992000000
3791000000
3942000000
3914000000
3762000000
3828000000
3884000000
3681000000
3808000000
3862000000
3960000000
3947000000
3620000000
3773000000
3796000000
3838000000
3885000000
3799000000
3949000000
3655000000
3662000000
3668000000
3748000000
3965000000
3750000000
3852000000
3733000000
3813000000
3725000000
3858000000
3605000000
3896000000
3900000000
3974000000
3906000000
3998000000
3655000000
3838000000
3770000000
3956000000
3718000000
3818000000
3619000000
3952000000
3835000000
3832000000
3936000000
3693000000
3755000000
3839000000
3686000000
3845000000
3773000000
3805000000
3648000000
3608000000
3853000000
3766000000
3715000000
3728000000
3924000000
3888000000
3966000000
3854000000
3602000000
3665000000
3958000000
3827000000
3927000000
3682000000
3994000000
3757000000
3691000000
3819000000
3914000000
3865000000
3608000000
3966000000
3801000000
3828000000
3659000000
3904000000
3947000000
3919000000
3760000000
3913000000
3733000000
3996000000
3943000000
3988000000
3746000000
3865000000
3710000000
3908000000
3802000000
3698000000
3757000000
3665000000
3657000000
3999000000
3873000000
3881000000
3764000000
3719000000
3920000000
3949000000
3885000000
3951000000
3792000000
3607000000
3709000000
3604000000
3818000000
3701000000
3987000000
3650000000
3738000000
3744000000
3705000000
3655000000
3992000000
3666000000
3679000000
3969000000
3700000000
3691000000
3996000000
3951000000
3984000000
3875000000
3821000000
3791000000
3862000000
3785000000
3809000000
3822000000
3960000000
3926000000
3812000000
3758000000
3927000000
3739000000
3646000000
3902000000
3867000000
3726000000
3909000000
3928000000
3830000000
3979000000
3909000000
3862000000
3762000000
3610000000
3962000000
3848000000
3870000000
3739000000
3698000000
3823000000
3897000000
3808000000
3996000000
3832000000
3872000000
3757000000
3943000000
3848000000
3648000000
3906000000
3984000000
3862000000
3683000000
3905000000
3928000000
3622000000
3795000000
3693000000
3602000000
3882000000
3801000000
3633000000
3618000000
3793000000
3620000000
3985000000
3740000000
3799000000
3798000000
3628000000
3615000000
3633000000
3810000000
4000000000
3826000000
3674000000
3621000000
3671000000
3663000000
3659000000
3850000000
3624000000
3726000000
3737000000
3667000000
3838000000
3776000000
3887000000
3728000000
3624000000
3846000000
3655000000
3757000000
3700000000
3930000000
3921000000
3877000000
3941000000
3848000000
3639000000
3892000000
3897000000
3609000000
3768000000
3873000000
3647000000
3699000000
3681000000
3612000000
3907000000
3733000000
3778000000
3901000000
3873000000
3846000000
3902000000
3996000000
3672000000
3650000000
3697000000
3748000000
3634000000
3654000000
3655000000
3997000000
3733000000
3766000000
3792000000
3728000000
3882000000
3718000000
3817000000
3652000000
3711000000
3613000000
3962000000
3635000000
3875000000
3660000000
3913000000
3767000000
3959000000
3724000000
3705000000
3893000000
3969000000
3836000000
3666000000
3877000000
3780000000
3616000000
3749000000
3643000000
3830000000
3736000000
3612000000
3631000000
3976000000
3838000000
3975000000
3689000000
3938000000
3856000000
3795000000
3672000000
3730000000
3836000000
3783000000
3887000000
3766000000
3773000000
3807000000
3774000000
3751000000
3753000000
3883000000
3962000000
3781000000
3928000000
3800000000
3713000000
3669000000
3657000000
3700000000
3857000000
4000000000
3987000000
3931000000
3743000000
3934000000
3803000000
3618000000
3963000000
3611000000
3775000000
3737000000
3843000000
3905000000
3609000000
3662000000
3717000000
3705000000
3890000000
3688000000
3875000000
3740000000
3927000000
3664000000
3927000000
3620000000
3887000000
3828000000
3776000000
3989000000
3993000000
3921000000
3960000000
3625000000
3898000000
3843000000
3682000000
3972000000
3800000000
3661000000
3875000000
3844000000
3930000000
3632000000
3726000000
3887000000
3922000000
3890000000
3770000000
3892000000
3676000000
3873000000
3844000000
3917000000
3791000000
3693000000
3974000000
3652000000
3834000000
3983000000
3824000000
3648000000
3638000000
3977000000
3869000000
3664000000
3928000000
3977000000
3985000000
3857000000
3952000000
3867000000
3619000000
3632000000
3846000000
3907000000
3727000000
3625000000
3602000000
3606000000
3656000000
3765000000
3858000000
3817000000
3965000000
3761000000
3975000000
3761000000
3814000000
3842000000
3692000000
3791000000
3604000000
3847000000
3907000000
3943000000
3630000000
3687000000
3680000000
3612000000
3660000000
3822000000
3899000000
3807000000
3972000000
3962000000
3814000000
3817000000
3964000000
3726000000
3720000000
3602000000
3677000000
3830000000
3697000000
3999000000
3610000000
3892000000
3926000000
3849000000
3607000000
3920000000
3612000000
3712000000
3607000000
3893000000
3610000000
3997000000
3817000000
3733000000
3911000000
3777000000
3852000000
3909000000
3610000000
3635000000
3998000000
3649000000
3853000000
4000000000
3603000000
3887000000
3863000000
3757000000
3630000000
3776000000
3678000000
3667000000
3868000000
3893000000
3838000000
3964000000
3695000000
3741000000
3713000000
3838000000
3780000000
3966000000
3735000000
3867000000
3969000000
3998000000
3689000000
3813000000
3800000000
3688000000
3658000000
3770000000
3671000000
3983000000
3828000000
3977000000
3896000000
3889000000
3990000000
3995000000
3691000000
3939000000
3997000000
3874000000
3726000000
3608000000
3759000000
3628000000
3862000000
3870000000
3885000000
3964000000
3604000000
3610000000
3638000000
3718000000
3650000000
3667000000
3775000000
3705000000
3894000000
3636000000
3988000000
3971000000
3641000000
3849000000
3775000000
3975000000
3929000000
3693000000
3878000000
3983000000
3739000000
3707000000
3740000000
3652000000
3900000000
3915000000
3846000000
3672000000
3778000000
3787000000
3939000000
3993000000
3616000000
3670000000
3737000000
3850000000
3888000000
3810000000
3717000000
3964000000
3752000000
3925000000
3885000000
3767000000
3679000000
3614000000
3966000000
3954000000
3922000000
3648000000
3878000000
3958000000
3629000000
3780000000
3789000000
3804000000
3995000000
3835000000
3812000000
3896000000
3748000000
3628000000
3652000000
3859000000
3993000000
3814000000
3944000000
3972000000
3752000000
3977000000
3695000000
3894000000
3873000000
3658000000
3799000000
3726000000
3817000000
3992000000
3842000000
3850000000
3702000000
3609000000
3953000000
3972000000
3966000000
3766000000
3678000000
3865000000
3687000000
3698000000
3831000000
3758000000
3783000000
3873000000
3972000000
3835000000
3722000000
3664000000
3733000000
3624000000
3664000000
3785000000
3964000000
3810000000
3820000000
3613000000
3704000000
3696000000
3629000000
3966000000
3831000000
3648000000
3983000000
3626000000
3946000000
3644000000
3716000000
3948000000
3670000000
3979000000
3940000000
3878000000
3664000000
3698000000
3613000000
3737000000
3907000000
3892000000
3630000000
3938000000
3849000000
3601000000
3839000000
3893000000
3664000000
3745000000
3608000000
3631000000
3669000000
3926000000
3759000000
3820000000
3885000000
3938000000
3856000000
3648000000
3961000000
3611000000
3984000000
3613000000
3744000000
3699000000
3863000000
3683000000
3670000000
3808000000
3978000000
3769000000
3934000000
3945000000
3647000000
3611000000
3614000000
3699000000
3883000000
3807000000
3794000000
3624000000
3902000000
3964000000
3864000000
3745000000
3975000000
3966000000
3618000000
3668000000
3836000000
3818000000
3858000000
3762000000
3998000000
3741000000
3689000000
3814000000
3957000000
3918000000
3655000000
3925000000
3959000000
3641000000
3612000000
3706000000
3726000000
3942000000
3678000000
3953000000
3688000000
3695000000
3979000000
3783000000
3944000000
3771000000
3962000000
3808000000
3735000000
3980000000
3725000000
3940000000
3691000000
3921000000
3917000000
3896000000
3933000000
3707000000
3781000000
3746000000
3800000000
3640000000
3682000000
3609000000
3718000000
3827000000
3777000000
3794000000
3678000000
3784000000
3656000000
3773000000
3884000000
3708000000
3655000000
3721000000
3764000000
3843000000
3631000000
3809000000
3733000000
3783000000
3800000000
3684000000
3620000000
3915000000
3757000000
3681000000
3736000000
3740000000
3689000000
3603000000
3996000000
3700000000
3750000000
3602000000
3839000000
3898000000
3692000000
3701000000
3934000000
3634000000
3730000000
3723000000
3855000000
3729000000
3889000000
3641000000
3638000000
3661000000
3683000000
3964000000
3800000000
3971000000
3657000000
3859000000
3644000000
3621000000
3896000000
3772000000
3969000000
3711000000
3881000000
3746000000
3848000000
3964000000
3603000000
3957000000
3990000000
3891000000
3779000000
3687000000
3981000000
3799000000
3985000000
3608000000
3649000000
3601000000
3788000000
3781000000
3799000000
3641000000
3815000000
3745000000
3894000000
3887000000
3694000000
3611000000
3685000000
3818000000
3969000000
3700000000
3753000000
3627000000
3702000000
3955000000
3748000000
3729000000
3791000000
3616000000
3791000000
3813000000
3767000000
3890000000
3792000000
3610000000
3898000000
3803000000
3626000000
3735000000
3775000000
3881000000
3854000000
3922000000
3731000000
3995000000
3974000000
3648000000
3784000000
3887000000
4000000000
3762000000
3742000000
3803000000
3816000000
3826000000
3710000000
3994000000
3816000000
3665000000
3790000000
3810000000
3751000000
3694000000
3664000000
3696000000
3885000000
3724000000
3825000000
3685000000
3864000000
3612000000
3994000000
3647000000
3748000000
3720000000
3660000000
3649000000
3955000000
3954000000
3676000000
3611000000
3601000000
3609000000
3739000000
3952000000
3996000000
3802000000
3783000000
3829000000
3836000000
3685000000
3928000000
3875000000
3807000000
3709000000
3773000000
3715000000
3989000000
3908000000
3928000000
3885000000
3835000000
3986000000
3693000000
3666000000
3970000000
3957000000
3777000000
3882000000
3748000000
3958000000
3640000000
3726000000
3824000000
3736000000
3664000000
3791000000
3701000000
3924000000
3817000000
3937000000
3712000000
3858000000
3890000000
3765000000
3672000000
3978000000
3694000000
3835000000
3718000000
3613000000
3922000000
3863000000
3895000000
3943000000
3769000000
3652000000
3638000000
3718000000
3765000000
3809000000
3801000000
3826000000
3721000000
3791000000
3814000000
3701000000
3917000000
3699000000
3635000000
3890000000
3902000000
3957000000
3951000000
3879000000
3915000000
3819000000
3975000000
3672000000
3976000000
3835000000
3922000000
3762000000
3763000000
3780000000
3910000000
3783000000
3826000000
3620000000
3856000000
3712000000
3988000000
3779000000
3758000000
3671000000
3684000000
3873000000
3711000000
3878000000
3660000000
3974000000
3691000000
3843000000
3910000000
3786000000
3632000000
3678000000
3696000000
3843000000
3994000000
3754000000
3849000000
3829000000
3775000000
3650000000
3881000000
3668000000
3859000000
3962000000
3724000000
3811000000
3667000000
3774000000
3750000000
3744000000
3786000000
3843000000
3608000000
3789000000
3807000000
3894000000
3762000000
3908000000
3999000000
3955000000
3642000000
3948000000
3618000000
3889000000
3929000000
3673000000
3802000000
3698000000
3905000000
3866000000
3774000000
3959000000
3899000000
3879000000
3930000000
3748000000
3650000000
3757000000
3919000000
3695000000
3648000000
3725000000
3677000000
3910000000
3720000000
3934000000
3738000000
3737000000
3770000000
3891000000
3973000000
3784000000
3710000000
3870000000
3775000000
3987000000
3623000000
3651000000
3974000000
3724000000
3866000000
3770000000
3773000000
3610000000
3655000000
3979000000
3633000000
3660000000
3987000000
3793000000
3998000000
3879000000
3886000000
3656000000
3916000000
3758000000
3619000000
3737000000
3979000000
3696000000
3621000000
3818000000
3879000000
3962000000
3718000000
3659000000
3763000000
3708000000
3869000000
3940000000
3891000000
3865000000
3888000000
3671000000
3817000000
3987000000
3889000000
3917000000
3755000000
3633000000
3886000000
3769000000
3719000000
3914000000
3940000000
3870000000
3656000000
3733000000
3784000000
3635000000
3728000000
3922000000
3911000000
3888000000
3962000000
3748000000
3894000000
3777000000
3680000000
3885000000
3753000000
3604000000
3764000000
3640000000
3979000000
3926000000
3601000000
3975000000
3865000000
3946000000
3960000000
3873000000
3824000000
3918000000
3602000000
3757000000
3605000000
3631000000
3797000000
3660000000
3882000000
3714000000
3978000000
3870000000
3942000000
3705000000
3637000000
3732000000
3780000000
3839000000
3880000000
3841000000
3646000000
3747000000
3881000000
3638000000
3856000000
3842000000
3679000000
3809000000
3636000000
3961000000
3960000000
3862000000
3759000000
3923000000
3823000000
3652000000
3990000000
3858000000
3976000000
3838000000
3728000000
3889000000
3982000000
3730000000
3834000000
3754000000
3776000000
3956000000
3737000000
3718000000
3836000000
3795000000
3642000000
3753000000
3631000000
3749000000
3743000000
3680000000
3684000000
3937000000
3748000000
3643000000
3993000000
3764000000
3771000000
3905000000
3921000000
3667000000
3947000000
3772000000
3669000000
3712000000
3786000000
3945000000
3687000000
3734000000
3645000000
3808000000
3618000000
3970000000
3934000000
3751000000
3843000000
3724000000
3850000000
3851000000
3772000000
3886000000
3816000000
3885000000
3652000000
3663000000
3666000000
3934000000
3624000000
3977000000
3830000000
3964000000
3984000000
3876000000
3762000000
3946000000
3984000000
3791000000
3653000000
3973000000
3751000000
3808000000
3628000000
3758000000
3651000000
3627000000
3731000000
3935000000
3840000000
3979000000
3763000000
3633000000
3770000000
3883000000
3799000000
3860000000
3666000000
3845000000
3704000000
3641000000
3991000000
3650000000
3762000000
3896000000
3617000000
3806000000
3953000000
3627000000
3964000000
3805000000
3697000000
3870000000
3907000000
3688000000
3964000000
3842000000
3971000000
3645000000
3805000000
3816000000
3609000000
3984000000
3969000000
3861000000
3720000000
3631000000
3737000000
3826000000
3839000000
3910000000
3824000000
3734000000
3706000000
3724000000
3951000000
3635000000
3938000000
3743000000
3942000000
3751000000
3966000000
3797000000
3923000000
3834000000
3853000000
3945000000
3904000000
3603000000
3823000000
3739000000
3878000000
3694000000
3779000000
3847000000
3838000000
3662000000
6000000
175000000
199000000
106000000
270000000
295000000
299000000
295000000
357000000
30000000
10000000
301000000
119000000
353000000
33000000
84000000
23000000
177000000
377000000
357000000
242000000
343000000
263000000
192000000
297000000
265000000
270000000
114000000
64000000
264000000
200000000
94000000
191000000
177000000
176000000
399000000
319000000
393000000
34000000
93000000
336000000
332000000
147000000
67000000
85000000
169000000
202000000
369000000
155000000
184000000
45000000
332000000
246000000
4000000
338000000
374000000
33000000
13000000
140000000
298000000
347000000
275000000
369000000
187000000
355000000
28000000
382000000
105000000
322000000
149000000
235000000
277000000
346000000
72000000
151000000
190000000
313000000
336000000
123000000
358000000
378000000
70000000
21000000
38000000
293000000
184000000
7000000
38000000
251000000
181000000
182000000
241000000
85000000
39000000
340000000
348000000
368000000
347000000
245000000
185000000
79000000
285000000
50000000
298000000
156000000
277000000
119000000
281000000
250000000
280000000
295000000
344000000
67000000
223000000
276000000
159000000
1000000
94000000
319000000
176000000
70000000
259000000
185000000
329000000
219000000
344000000
358000000
236000000
236000000
137000000
177000000
313000000
229000000
104000000
112000000
71000000
272000000
321000000
281000000
40000000
323000000
167000000
189000000
294000000
83000000
218000000
225000000
68000000
157000000
120000000
323000000
105000000
278000000
330000000
347000000
204000000
376000000
59000000
274000000
134000000
289000000
302000000
129000000
329000000
289000000
389000000
80000000
37000000
28000000
98000000
56000000
291000000
386000000
193000000
397000000
77000000
331000000
145000000
153000000
293000000
273000000
270000000
392000000
112000000
221000000
174000000
190000000
107000000
379000000
201000000
11000000
147000000
90000000
47000000
302000000
255000000
130000000
192000000
133000000
156000000
156000000
124000000
293000000
90000000
43000000
377000000
175000000
281000000
356000000
17000000
125000000
84000000
381000000
366000000
322000000
153000000
280000000
261000000
93000000
121000000
270000000
107000000
165000000
236000000
57000000
200000000
306000000
10000000
350000000
218000000
118000000
227000000
240000000
40000000
335000000
316000000
388000000
180000000
45000000
83000000
179000000
221000000
105000000
4000000
371000000
222000000
274000000
300000000
126000000
71000000
93000000
331000000
241000000
190000000
146000000
314000000
333000000
235000000
270000000
325000000
351000000
215000000
4000000
353000000
9000000
7000000
255000000
124000000
212000000
350000000
195000000
244000000
71000000
212000000
197000000
228000000
127000000
22000000
88000000
78000000
15000000
185000000
328000000
284000000
269000000
108000000
229000000
51000000
215000000
93000000
269000000
318000000
125000000
35000000
346000000
100000000
59000000
188000000
134000000
311000000
398000000
17000000
260000000
306000000
123000000
271000000
374000000
119000000
395000000
220000000
84000000
202000000
36000000
160000000
374000000
229000000
14000000
351000000
321000000
282000000
40000000
331000000
177000000
142000000
346000000
249000000
376000000
59000000
198000000
113000000
225000000
43000000
395000000
298000000
214000000
325000000
288000000
385000000
207000000
82000000
273000000
266000000
305000000
384000000
355000000
187000000
176000000
294000000
12000000
325000000
153000000
312000000
137000000
355000000
15000000
59000000
171000000
400000000
326000000
90000000
22000000
183000000
94000000
120000000
134000000
110000000
149000000
382000000
124000000
88000000
376000000
176000000
373000000
290000000
188000000
78000000
33000000
371000000
286000000
13000000
215000000
380000000
147000000
20000000
111000000
282000000
377000000
175000000
176000000
302000000
76000000
371000000
282000000
322000000
399000000
15000000
86000000
234000000
281000000
90000000
9000000
382000000
216000000
329000000
176000000
93000000
41000000
155000000
51000000
270000000
106000000
149000000
145000000
35000000
135000000
275000000
354000000
104000000
193000000
251000000
299000000
250000000
100000000
320000000
134000000
228000000
282000000
385000000
93000000
10000000
34000000
320000000
319000000
277000000
112000000
271000000
180000000
166000000
178000000
19000000
53000000
210000000
143000000
31000000
272000000
155000000
151000000
109000000
336000000
220000000
50000000
256000000
281000000
26000000
342000000
160000000
31000000
183000000
237000000
288000000
10000000
56000000
30000000
343000000
170000000
243000000
204000000
50000000
343000000
363000000
137000000
38000000
59000000
381000000
267000000
57000000
155000000
24000000
7000000
376000000
23000000
118000000
27000000
63000000
2000000
161000000
228000000
312000000
169000000
88000000
385000000
97000000
341000000
275000000
4000000
25000000
313000000
384000000
134000000
277000000
98000000
153000000
18000000
152000000
303000000
174000000
1000000
340000000
180000000
334000000
212000000
306000000
340000000
72000000
364000000
307000000
330000000
198000000
57000000
153000000
1000000
222000000
224000000
10000000
309000000
185000000
303000000
130000000
343000000
140000000
281000000
183000000
312000000
268000000
313000000
257000000
47000000
321000000
261000000
291000000
289000000
283000000
296000000
147000000
251000000
115000000
229000000
274000000
231000000
57000000
135000000
52000000
253000000
384000000
36000000
293000000
253000000
47000000
281000000
10000000
252000000
247000000
58000000
300000000
176000000
213000000
295000000
267000000
102000000
353000000
180000000
5000000
31000000
41000000
272000000
249000000
220000000
237000000
145000000
189000000
197000000
98000000
109000000
156000000
67000000
195000000
185000000
213000000
348000000
158000000
11000000
48000000
327000000
315000000
304000000
360000000
131000000
66000000
359000000
128000000
57000000
361000000
376000000
391000000
312000000
355000000
379000000
82000000
54000000
305000000
142000000
15000000
23000000
302000000
280000000
194000000
60000000
373000000
10000000
40000000
32000000
201000000
190000000
288000000
349000000
152000000
365000000
215000000
150000000
371000000
376000000
233000000
177000000
48000000
166000000
164000000
54000000
381000000
177000000
393000000
26000000
196000000
286000000
239000000
259000000
328000000
275000000
233000000
105000000
66000000
334000000
111000000
83000000
161000000
147000000
97000000
261000000
318000000
28000000
329000000
65000000
144000000
2000000
203000000
214000000
113000000
112000000
375000000
340000000
161000000
129000000
171000000
154000000
29000000
91000000
329000000
37000000
220000000
291000000
188000000
133000000
50000000
326000000
344000000
118000000
162000000
184000000
381000000
263000000
81000000
398000000
369000000
36000000
238000000
115000000
348000000
352000000
115000000
145000000
286000000
268000000
4000000
349000000
275000000
229000000
142000000
344000000
81000000
364000000
85000000
169000000
156000000
155000000
76000000
10000000
177000000
397000000
6000000
193000000
214000000
359000000
204000000
60000000
45000000
368000000
393000000
188000000
191000000
355000000
37000000
166000000
98000000
362000000
51000000
97000000
36000000
338000000
16000000
138000000
332000000
333000000
236000000
92000000
368000000
21000000
222000000
94000000
137000000
51000000
332000000
68000000
128000000
110000000
58000000
46000000
120000000
59000000
381000000
195000000
58000000
335000000
62000000
293000000
207000000
113000000
209000000
144000000
245000000
172000000
224000000
2000000
296000000
231000000
120000000
51000000
259000000
393000000
241000000
298000000
193000000
336000000
82000000
374000000
15000000
167000000
316000000
34000000
389000000
225000000
96000000
222000000
72000000
52000000
74000000
284000000
201000000
262000000
98000000
282000000
381000000
73000000
347000000
2000000
175000000
56000000
220000000
194000000
88000000
323000000
113000000
288000000
397000000
216000000
11000000
260000000
195000000
110000000
315000000
197000000
226000000
316000000
350000000
63000000
86000000
3000000
56000000
34000000
190000000
370000000
118000000
303000000
390000000
312000000
176000000
188000000
356000000
357000000
264000000
189000000
50000000
248000000
166000000
360000000
227000000
71000000
206000000
387000000
219000000
318000000
347000000
3000000
227000000
215000000
32000000
347000000
225000000
316000000
193000000
279000000
95000000
17000000
158000000
134000000
129000000
132000000
302000000
87000000
157000000
242000000
186000000
226000000
43000000
373000000
354000000
74000000
16000000
235000000
15000000
284000000
110000000
84000000
46000000
303000000
326000000
228000000
328000000
238000000
194000000
345000000
276000000
195000000
362000000
75000000
244000000
52000000
293000000
105000000
167000000
253000000
79000000
245000000
210000000
247000000
205000000
275000000
18000000
111000000
53000000
393000000
140000000
202000000
89000000
278000000
142000000
7000000
112000000
386000000
272000000
107000000
395000000
333000000
77000000
358000000
369000000
73000000
120000000
17000000
24000000
154000000
109000000
248000000
253000000
138000000
327000000
394000000
279000000
48000000
228000000
108000000
165000000
162000000
265000000
241000000
244000000
350000000
212000000
182000000
306000000
277000000
230000000
153000000
204000000
280000000
243000000
104000000
62000000
376000000
120000000
213000000
300000000
96000000
212000000
141000000
35000000
355000000
314000000
19000000
69000000
398000000
112000000
257000000
30000000
364000000
18000000
384000000
251000000
70000000
118000000
355000000
6000000
333000000
80000000
103000000
95000000
360000000
385000000
173000000
208000000
242000000
315000000
380000000
153000000
198000000
302000000
189000000
384000000
112000000
5000000
386000000
201000000
253000000
56000000
190000000
375000000
81000000
14000000
106000000
23000000
70000000
139000000
400000000
210000000
182000000
349000000
102000000
95000000
171000000
356000000
241000000
209000000
295000000
208000000
80000000
338000000
226000000
111000000
47000000
397000000
145000000
82000000
362000000
392000000
317000000
184000000
169000000
397000000
69000000
251000000
350000000
395000000
128000000
182000000
125000000
13000000
368000000
396000000
232000000
186000000
27000000
97000000
49000000
132000000
254000000
15000000
144000000
281000000
370000000
45000000
28000000
126000000
104000000
262000000
137000000
36000000
310000000
155000000
223000000
141000000
241000000
70000000
354000000
244000000
389000000
27000000
105000000
244000000
197000000
105000000
235000000
387000000
281000000
141000000
227000000
196000000
274000000
239000000
165000000
186000000
321000000
239000000
283000000
276000000
302000000
244000000
124000000
45000000
386000000
260000000
372000000
10000000
30000000
293000000
354000000
248000000
95000000
220000000
69000000
335000000
228000000
209000000
285000000
35000000
70000000
281000000
376000000
90000000
85000000
290000000
114000000
68000000
301000000
164000000
362000000
95000000
78000000
148000000
326000000
194000000
316000000
144000000
132000000
227000000
184000000
13000000
52000000
22000000
212000000
57000000
283000000
223000000
288000000
180000000
365000000
368000000
153000000
197000000
203000000
217000000
67000000
48000000
161000000
122000000
52000000
366000000
38000000
155000000
109000000
31000000
361000000
378000000
213000000
329000000
36000000
195000000
269000000
59000000
179000000
320000000
135000000
79000000
92000000
240000000
272000000
307000000
238000000
166000000
264000000
22000000
100000000
323000000
188000000
35000000
259000000
298000000
156000000
6000000
378000000
65000000
108000000
72000000
162000000
7000000
216000000
27000000
241000000
78000000
102000000
308000000
147000000
366000000
149000000
99000000
61000000
45000000
260000000
24000000
107000000
180000000
390000000
88000000
109000000
33000000
54000000
49000000
116000000
39000000
46000000
44000000
326000000
95000000
353000000
285000000
142000000
52000000
346000000
205000000
216000000
166000000
85000000
360000000
347000000
241000000
374000000
366000000
148000000
381000000
198000000
39000000
249000000
200000000
139000000
178000000
144000000
222000000
262000000
323000000
55000000
322000000
210000000
194000000
211000000
339000000
38000000
124000000
148000000
15000000
168000000
331000000
43000000
27000000
75000000
209000000
343000000
281000000
75000000
127000000
72000000
143000000
196000000
338000000
159000000
186000000
22000000
392000000
278000000
357000000
353000000
120000000
95000000
178000000
259000000
133000000
24000000
186000000
190000000
237000000
178000000
344000000
142000000
134000000
359000000
247000000
195000000
216000000
165000000
299000000
228000000
159000000
224000000
174000000
41000000
247000000
336000000
155000000
154000000
32000000
270000000
305000000
126000000
253000000
213000000
22000000
5000000
266000000
83000000
298000000
376000000
386000000
184000000
231000000
174000000
39000000
354000000
386000000
274000000
185000000
266000000
361000000
272000000
232000000
224000000
133000000
358000000
131000000
226000000
100000000
391000000
114000000
53000000
252000000
64000000
281000000
171000000
288000000
314000000
223000000
244000000
153000000
196000000
32000000
152000000
299000000
398000000
86000000
114000000
372000000
325000000
10000000
216000000
381000000
19000000
68000000
109000000
329000000
102000000
68000000
173000000
135000000
67000000
350000000
260000000
270000000
217000000
75000000
190000000
352000000
51000000
204000000
110000000
383000000
282000000
15000000
30000000
196000000
290000000
338000000
388000000
96000000
124000000
257000000
296000000
301000000
317000000
302000000
68000000
379000000
245000000
102000000
216000000
388000000
175000000
61000000
343000000
183000000
326000000
32000000
122000000
134000000
361000000
287000000
329000000
104000000
266000000
28000000
358000000
155000000
298000000
77000000
209000000
153000000
334000000
76000000
332000000
36000000
18000000
84000000
178000000
380000000
234000000
176000000
157000000
147000000
382000000
257000000
94000000
36000000
24000000
57000000
268000000
154000000
357000000
34000000
260000000
205000000
116000000
89000000
178000000
318000000
256000000
110000000
78000000
60000000
206000000
39000000
346000000
252000000
312000000
343000000
119000000
198000000
74000000
319000000
122000000
196000000
160000000
275000000
140000000
379000000
295000000
65000000
157000000
83000000
218000000
251000000
31000000
399000000
62000000
318000000
317000000
388000000
198000000
288000000
146000000
190000000
190000000
297000000
126000000
99000000
209000000
294000000
4000000
245000000
124000000
132000000
50000000
221000000
200000000
273000000
131000000
142000000
179000000
151000000
288000000
76000000
284000000
7000000
54000000
156000000
391000000
359000000
45000000
216000000
330000000
22000000
247000000
177000000
241000000
350000000
334000000
346000000
182000000
87000000
317000000
352000000
32000000
69000000
194000000
211000000
381000000
238000000
1000000
117000000
180000000
246000000
215000000
128000000
102000000
349000000
301000000
155000000
61000000
395000000
315000000
108000000
134000000
103000000
136000000
235000000
164000000
48000000
373000000
175000000
9000000
108000000
328000000
227000000
54000000
53000000
194000000
263000000
364000000
127000000
178000000
44000000
40000000
394000000
140000000
66000000
141000000
348000000
21000000
288000000
148000000
346000000
329000000
67000000
113000000
332000000
100000000
311000000
251000000
133000000
199000000
55000000
182000000
257000000
362000000
129000000
140000000
390000000
399000000
145000000
147000000
207000000
62000000
350000000
318000000
76000000
15000000
63000000
322000000
89000000
30000000
388000000
292000000
227000000
126000000
325000000
387000000
2000000
283000000
295000000
353000000
335000000
253000000
81000000
87000000
204000000
31000000
135000000
75000000
356000000
78000000
382000000
307000000
18000000
220000000
26000000
220000000
170000000
2000000
51000000
347000000
331000000
263000000
188000000
276000000
239000000
72000000
167000000
119000000
382000000
178000000
371000000
104000000
166000000
340000000
361000000
299000000
36000000
332000000
202000000
48000000
177000000
343000000
315000000
160000000
349000000
74000000
392000000
147000000
367000000
200000000
380000000
237000000
24000000
178000000
1761000000
1770000000
2655000000
2640000000
2047000000
1742000000
1442000000
2429000000
1974000000
2620000000
1734000000
1904000000
2543000000
1666000000
2555000000
1542000000
1499000000
1486000000
1854000000
1801000000
1557000000
1339000000
2631000000
2151000000
1667000000
2329000000
1599000000
2146000000
2645000000
1548000000
2545000000
2518000000
1613000000
1359000000
2257000000
2609000000
1926000000
2206000000
2121000000
1859000000
1453000000
2399000000
2309000000
1471000000
2392000000
2339000000
1651000000
1967000000
2376000000
2205000000
2518000000
1370000000
2439000000
1546000000
1403000000
1484000000
1484000000
1897000000
2296000000
1850000000
2499000000
2531000000
1686000000
2183000000
1860000000
2526000000
1891000000
1622000000
2349000000
2600000000
1692000000
2278000000
1713000000
1993000000
1562000000
2060000000
2241000000
2357000000
2100000000
1550000000
1832000000
2518000000
2358000000
1698000000
1959000000
1713000000
2629000000
2058000000
2592000000
1486000000
1543000000
2271000000
2313000000
2218000000
2063000000
1407000000
1485000000
1359000000
2651000000
1836000000
2623000000
2334000000
1937000000
1835000000
2194000000
1592000000
2423000000
1898000000
1641000000
2375000000
2306000000
1548000000
2131000000
2256000000
2663000000
1676000000
1725000000
2354000000
2544000000
1538000000
2157000000
1826000000
2513000000
2601000000
2457000000
2347000000
1729000000
1805000000
2045000000
2236000000
1347000000
1792000000
2661000000
2398000000
2270000000
2369000000
2660000000
1940000000
2400000000
2180000000
2606000000
2286000000
2099000000
2431000000
1492000000
1368000000
1709000000
2435000000
2589000000
2412000000
1674000000
1856000000
2509000000
2125000000
1653000000
1400000000
2499000000
1781000000
1922000000
2188000000
1828000000
2116000000
1918000000
2190000000
1519000000
2576000000
2380000000
1905000000
1336000000
2234000000
2199000000
1892000000
2124000000
2256000000
2059000000
1456000000
2638000000
2196000000
1919000000
2504000000
2163000000
2466000000
2207000000
2040000000
2632000000
2161000000
1540000000
1680000000
1480000000
2089000000
1585000000
1384000000
2416000000
2450000000
2084000000
2570000000
1364000000
2319000000
1505000000
1798000000
1637000000
1780000000
2098000000
1816000000
2151000000
2056000000
1769000000
1438000000
1551000000
2414000000
1882000000
1457000000
1733000000
2554000000
2236000000
1970000000
1849000000
1445000000
2316000000
1513000000
2383000000
2100000000
2201000000
1656000000
2337000000
1674000000
2421000000
2067000000
1422000000
1490000000
2408000000
2625000000
1895000000
2504000000
2341000000
2021000000
1791000000
2161000000
1720000000
2441000000
2197000000
1461000000
2242000000
2380000000
1666000000
1544000000
1608000000
1994000000
2455000000
2655000000
1987000000
1658000000
2547000000
1971000000
2532000000
2270000000
2260000000
1599000000
1542000000
1639000000
2139000000
2456000000
1842000000
1701000000
1875000000
1673000000
1693000000
2560000000
2427000000
1553000000
2199000000
2301000000
1694000000
2301000000
2373000000
2154000000
1618000000
2394000000
2409000000
1364000000
2394000000
2108000000
1890000000
2444000000
1857000000
1766000000
1417000000
1528000000
2245000000
2141000000
1952000000
2549000000
1800000000
1682000000
2646000000
1824000000
2621000000
1880000000
2290000000
1486000000
2350000000
1666000000
1697000000
2259000000
1937000000
1414000000
1427000000
1976000000
1564000000
1704000000
2253000000
1436000000
2162000000
2260000000
2119000000
1737000000
1746000000
1703000000
1625000000
1890000000
2160000000
1589000000
2589000000
2140000000
2181000000
1359000000
2313000000
2192000000
1514000000
1904000000
1911000000
2363000000
1940000000
1684000000
1675000000
1930000000
1989000000
2025000000
1934000000
1423000000
1355000000
2650000000
1551000000
1592000000
2323000000
1688000000
1588000000
1545000000
2094000000
1599000000
1513000000
2210000000
2419000000
1823000000
2518000000
1457000000
2386000000
2007000000
1911000000
1503000000
2598000000
2163000000
2429000000
1864000000
2340000000
1549000000
1514000000
2474000000
2158000000
2561000000
2589000000
1773000000
2236000000
1635000000
2109000000
2133000000
2401000000
2057000000
1660000000
1365000000
1627000000
2066000000
1624000000
2398000000
1841000000
1485000000
1364000000
1611000000
2460000000
1481000000
1346000000
1871000000
2446000000
2114000000
2642000000
2178000000
1560000000
1797000000
2119000000
2084000000
1416000000
2325000000
2128000000
1735000000
1817000000
1744000000
2161000000
1378000000
2115000000
2402000000
2351000000
2025000000
2455000000
2268000000
2064000000
1870000000
1807000000
1809000000
1351000000
1718000000
2275000000
2474000000
2108000000
2269000000
2141000000
1554000000
2213000000
1868000000
2100000000
1530000000
2258000000
2393000000
2223000000
2601000000
2198000000
2305000000
1423000000
2152000000
1613000000
2660000000
2533000000
2315000000
1611000000
2233000000
2320000000
1664000000
1481000000
1389000000
2139000000
2387000000
1915000000
2629000000
1602000000
1751000000
1504000000
1743000000
1520000000
1907000000
1956000000
2088000000
1814000000
2568000000
1428000000
1810000000
2077000000
2034000000
1891000000
1385000000
2310000000
1881000000
2033000000
2546000000
1692000000
1514000000
1869000000
2337000000
1906000000
2653000000
2475000000
2568000000
1726000000
1666000000
1503000000
2511000000
2650000000
2189000000
2258000000
1861000000
2132000000
1788000000
2449000000
1853000000
2614000000
2211000000
2586000000
1867000000
1756000000
1523000000
1930000000
2205000000
2147000000
1510000000
2589000000
2188000000
1900000000
1758000000
1467000000
2643000000
2239000000
1708000000
1677000000
2425000000
2182000000
1525000000
2653000000
2112000000
1505000000
1498000000
2218000000
1495000000
2413000000
2228000000
2173000000
2435000000
1932000000
2519000000
2624000000
2136000000
1472000000
1803000000
2589000000
1783000000
2118000000
1443000000
1469000000
1373000000
1510000000
2288000000
1645000000
2188000000
1730000000
1387000000
2309000000
2384000000
1915000000
1737000000
1823000000
1693000000
1624000000
1408000000
1954000000
1397000000
2078000000
1849000000
2091000000
2434000000
1979000000
1784000000
1738000000
1983000000
2470000000
1486000000
2259000000
2209000000
1451000000
1689000000
2204000000
1487000000
2199000000
2367000000
2155000000
1857000000
1936000000
1960000000
1357000000
2419000000
2010000000
2218000000
2516000000
1888000000
2076000000
1680000000
1891000000
2365000000
1378000000
1783000000
2484000000
1491000000
2113000000
2233000000
2638000000
1641000000
1858000000
2024000000
1352000000
2524000000
1399000000
2609000000
2133000000
1502000000
1789000000
2074000000
1792000000
1923000000
1848000000
1396000000
2383000000
1386000000
1776000000
2222000000
1396000000
1440000000
2299000000
1881000000
2497000000
2239000000
2096000000
2482000000
1575000000
1756000000
1714000000
1596000000
2564000000
2463000000
2331000000
1607000000
2043000000
1525000000
1865000000
1397000000
2176000000
1775000000
1716000000
1967000000
2504000000
2488000000
2645000000
2191000000
2043000000
1715000000
2432000000
1475000000
2645000000
2351000000
1360000000
1451000000
2649000000
2505000000
1675000000
1521000000
2171000000
2348000000
2523000000
2258000000
2503000000
1543000000
2119000000
1455000000
1845000000
2459000000
2508000000
2378000000
1916000000
1368000000
1576000000
2475000000
2126000000
2616000000
2561000000
1352000000
1658000000
2076000000
1555000000
2412000000
2380000000
2132000000
1523000000
1986000000
2351000000
1950000000
1669000000
1400000000
1899000000
2332000000
1666000000
1963000000
1605000000
1553000000
1856000000
2028000000
1811000000
1375000000
1552000000
2265000000
1684000000
2013000000
2045000000
2348000000
2356000000
2527000000
2474000000
1769000000
1885000000
2122000000
1546000000
2619000000
2423000000
2199000000
1633000000
1460000000
2235000000
1812000000
1626000000
1387000000
2531000000
2480000000
2347000000
2565000000
2485000000
2265000000
2456000000
2216000000
1454000000
2191000000
2650000000
1934000000
2270000000
1449000000
2254000000
1800000000
2160000000
2297000000
2167000000
2002000000
2155000000
2413000000
1821000000
1583000000
1341000000
2503000000
2132000000
2038000000
1464000000
1422000000
1425000000
2402000000
1599000000
1583000000
1647000000
1665000000
1646000000
2347000000
2101000000
1449000000
1653000000
1985000000
1639000000
1709000000
2233000000
1658000000
2502000000
2628000000
2103000000
1580000000
1775000000
1664000000
1581000000
2077000000
1661000000
2209000000
1462000000
2643000000
1791000000
2370000000
1349000000
2280000000
1941000000
1807000000
1791000000
1392000000
2175000000
2253000000
2150000000
2301000000
1912000000
2338000000
1423000000
1503000000
1885000000
1913000000
2465000000
1719000000
1607000000
1839000000
2308000000
2450000000
1832000000
2377000000
2452000000
1896000000
1839000000
1391000000
2378000000
2347000000
1587000000
2426000000
1801000000
1618000000
2469000000
1823000000
2002000000
1434000000
2354000000
1771000000
2239000000
2576000000
1887000000
2150000000
2379000000
1537000000
2212000000
1653000000
2378000000
1398000000
1536000000
2186000000
1955000000
1918000000
1891000000
2506000000
2278000000
1971000000
1419000000
2263000000
1584000000
1602000000
2146000000
1334000000
1866000000
1777000000
1927000000
1415000000
2434000000
2037000000
2334000000
2511000000
2300000000
2015000000
2380000000
2082000000
2193000000
1788000000
2227000000
1379000000
2178000000
1391000000
1913000000
1422000000
2516000000
2571000000
2098000000
2383000000
2051000000
2304000000
1645000000
1995000000
2250000000
1502000000
1527000000
2010000000
1938000000
2665000000
2607000000
1463000000
2192000000
2197000000
1912000000
1715000000
1778000000
1851000000
2262000000
2659000000
1369000000
2310000000
2426000000
2122000000
2312000000
1394000000
1841000000
1969000000
1901000000
1718000000
1951000000
1501000000
1884000000
1532000000
1707000000
1661000000
1945000000
2533000000
2500000000
2564000000
1431000000
2479000000
1940000000
2659000000
1538000000
1762000000
1837000000
2577000000
1735000000
2636000000
2537000000
1769000000
2062000000
1635000000
1543000000
2095000000
2470000000
1891000000
2460000000
2431000000
2372000000
1883000000
1492000000
2627000000
1561000000
1835000000
2519000000
2281000000
2391000000
2096000000
1916000000
2401000000
2294000000
2606000000
1604000000
1844000000
2474000000
2087000000
2383000000
1986000000
1398000000
1604000000
2277000000
1864000000
1728000000
2077000000
2336000000
1608000000
2348000000
2263000000
1514000000
1894000000
1807000000
2315000000
2022000000
1349000000
2473000000
1412000000
1687000000
2107000000
1560000000
2528000000
2302000000
2246000000
2327000000
1545000000
1999000000
1395000000
2139000000
2387000000
1423000000
2308000000
2091000000
2221000000
1535000000
2014000000
1874000000
2378000000
1811000000
2264000000
2649000000
1529000000
2416000000
1989000000
1800000000
2000000000
1668000000
1724000000
2451000000
2588000000
2338000000
2102000000
2653000000
1894000000
1359000000
2387000000
2220000000
1859000000
1511000000
2013000000
2520000000
2563000000
2383000000
2432000000
2656000000
1512000000
1626000000
1674000000
1605000000
2420000000
1657000000
1379000000
1957000000
2504000000
1656000000
1863000000
2381000000
2632000000
2329000000
2552000000
2249000000
1791000000
1802000000
1816000000
1915000000
1789000000
2518000000
1748000000
1639000000
1934000000
2526000000
2485000000
1891000000
1853000000
2161000000
1426000000
2081000000
2343000000
2630000000
2378000000
2659000000
2134000000
1559000000
1884000000
1555000000
2184000000
1520000000
2038000000
1764000000
1719000000
2244000000
1405000000
2177000000
1344000000
2578000000
2373000000
2046000000
1761000000
1789000000
2275000000
2070000000
1381000000
2419000000
2319000000
1723000000
1421000000
2541000000
2456000000
1911000000
1941000000
2568000000
2585000000
2173000000
2651000000
1506000000
1754000000
2026000000
2157000000
1525000000
1954000000
1802000000
1427000000
2242000000
1905000000
1755000000
2142000000
2157000000
2616000000
1783000000
2114000000
2569000000
1828000000
2603000000
1339000000
1489000000
2166000000
2135000000
1434000000
2364000000
1489000000
1571000000
2050000000
2480000000
1474000000
1749000000
1711000000
2069000000
2525000000
2527000000
2095000000
2614000000
1970000000
1536000000
2489000000
2623000000
1534000000
2466000000
2285000000
2580000000
1717000000
2180000000
1908000000
1354000000
1716000000
1858000000
1729000000
1825000000
2094000000
2292000000
2217000000
2296000000
2441000000
1678000000
2433000000
2404000000
2112000000
1506000000
2558000000
2543000000
1625000000
2609000000
1534000000
1358000000
1375000000
1479000000
2178000000
2534000000
2449000000
2239000000
1521000000
2254000000
2447000000
2500000000
1885000000
2272000000
1551000000
1513000000
1552000000
1965000000
1788000000
1811000000
1782000000
2487000000
1600000000
1878000000
2293000000
1852000000
1463000000
1953000000
1631000000
1723000000
2201000000
2301000000
1514000000
2429000000
2272000000
2406000000
1591000000
1611000000
2130000000
1901000000
2007000000
1493000000
1632000000
2490000000
1873000000
2530000000
2384000000
2188000000
1877000000
2396000000
2344000000
2502000000
1697000000
1979000000
2079000000
1364000000
1621000000
1647000000
2464000000
2408000000
1979000000
2382000000
1465000000
1542000000
2526000000
2371000000
1344000000
1594000000
1739000000
1805000000
1627000000
1407000000
2426000000
1567000000
1664000000
1705000000
2448000000
1579000000
2595000000
1832000000
1919000000
1670000000
2461000000
1580000000
1941000000
2469000000
1831000000
1867000000
1813000000
2304000000
2580000000
2049000000
1850000000
2384000000
2649000000
1815000000
1951000000
1545000000
1754000000
1991000000
2507000000
1736000000
2414000000
2173000000
1996000000
1709000000
1861000000
1542000000
2005000000
2005000000
2221000000
2273000000
2023000000
2616000000
1838000000
1564000000
2465000000
1575000000
1958000000
1387000000
2091000000
2559000000
1398000000
1972000000
2125000000
2646000000
2666000000
2366000000
2268000000
2079000000
2584000000
2345000000
2339000000
2625000000
1616000000
2047000000
1627000000
2342000000
2618000000
1706000000
2458000000
2149000000
2050000000
2093000000
2112000000
2514000000
1701000000
1975000000
2464000000
2091000000
1781000000
2355000000
2657000000
1476000000
1381000000
2437000000
2485000000
1372000000
2565000000
1924000000
1557000000
1834000000
2233000000
2549000000
1978000000
2534000000
1495000000
1763000000
2314000000
2385000000
2253000000
1884000000
2548000000
1583000000
1365000000
1883000000
2313000000
1474000000
1803000000
1674000000
1682000000
1899000000
2360000000
1430000000
1544000000
1697000000
1394000000
1357000000
1492000000
1338000000
1338000000
2039000000
2114000000
1999000000
2141000000
2571000000
1463000000
2331000000
2280000000
2248000000
2111000000
2616000000
2572000000
2437000000
2022000000
1823000000
2063000000
2559000000
2420000000
2356000000
1913000000
1570000000
2314000000
2327000000
1453000000
2340000000
2297000000
2489000000
2133000000
2603000000
2227000000
1510000000
2112000000
2085000000
1943000000
1767000000
2298000000
1352000000
1492000000
1741000000
2036000000
1923000000
2019000000
2380000000
2076000000
1627000000
2260000000
1585000000
1493000000
2286000000
1824000000
2248000000
2393000000
1821000000
2048000000
2127000000
1600000000
2410000000
1402000000
2422000000
2173000000
2604000000
1487000000
2298000000
2161000000
1340000000
2001000000
2155000000
2658000000
1567000000
1934000000
2037000000
1739000000
2568000000
1795000000
2512000000
2247000000
2653000000
1544000000
1445000000
1535000000
2015000000
2359000000
1545000000
1643000000
2078000000
1782000000
2061000000
2647000000
1486000000
1581000000
2169000000
1619000000
1828000000
2638000000
1639000000
1973000000
2344000000
1465000000
2569000000
2133000000
1776000000
2213000000
2420000000
1483000000
2618000000
1438000000
1826000000
2144000000
2568000000
1934000000
1944000000
2340000000
2650000000
2311000000
1676000000
1452000000
2253000000
1352000000
1381000000
2219000000
2415000000
2232000000
2082000000
1464000000
2384000000
2106000000
2635000000
1657000000
1865000000
2358000000
2600000000
2124000000
2418000000
2096000000
1600000000
2380000000
1621000000
1422000000
2284000000
1491000000
1463000000
2629000000
2218000000
1925000000
2604000000
2300000000
1719000000
2050000000
1686000000
2168000000
2180000000
1481000000
2328000000
2439000000
2423000000
2448000000
1480000000
2152000000
2146000000
1455000000
2018000000
2139000000
2256000000
1719000000
1390000000
2359000000
2320000000
1589000000
1617000000
1993000000
1845000000
1609000000
1924000000
1435000000
1344000000
1479000000
1664000000
2626000000
2557000000
1455000000
2622000000
2414000000
2597000000
1481000000
2318000000
1409000000
1671000000
2386000000
1620000000
1802000000
1753000000
2472000000
1690000000
1661000000
1451000000
1454000000
1677000000
1827000000
2161000000
2637000000
1341000000
2633000000
1768000000
1454000000
2265000000
1650000000
2255000000
2139000000
2216000000
1540000000
1582000000
2634000000
2180000000
2314000000
2567000000
2485000000
1380000000
2591000000
2348000000
1810000000
2109000000
2348000000
1989000000
2097000000
2002000000
2659000000
1923000000
1800000000
1795000000
1776000000
1400000000
1686000000
2309000000
1938000000
1975000000
1974000000
1494000000
2451000000
2108000000
1946000000
1920000000
2132000000
2366000000
2569000000
1586000000
2567000000
2545000000
2473000000
2017000000
1853000000
2344000000
1881000000
2327000000
1571000000
1754000000
1388000000
2528000000
1488000000
2618000000
2361000000
2554000000
2579000000
1957000000
1364000000
2061000000
1829000000
2367000000
2190000000
1497000000
1615000000
2603000000
1850000000
1952000000
1944000000
1819000000
2010000000
2184000000
2273000000
1397000000
2654000000
2616000000
1873000000
1533000000
2370000000
2577000000
1914000000
2148000000
2013000000
2170000000
1617000000
2357000000
2068000000
2069000000
2581000000
1887000000
1851000000
2291000000
1947000000
2571000000
1868000000
1927000000
1903000000
1997000000
1861000000
1805000000
2310000000
2492000000
2089000000
2511000000
2355000000
1356000000
1870000000
2432000000
1917000000
1873000000
2647000000
2214000000
2264000000
1473000000
1427000000
1896000000
2149000000
2631000000
2387000000
2362000000
1920000000
1846000000
2636000000
1428000000
1689000000
2524000000
1400000000
1971000000